0.0,-0.099999994,0.01,0.02,0.0,0.0,0.0,
0.4,-0.07,0.02,0.02,-0.01,0.0,0.0,
0.6,-0.07,-0.21,0.03,0.0,-0.01,0.0,
0.8,0.03,0.0,0.06,0.0,0.0,0.0,
1.002,-0.06,0.03,0.01,0.0,0.0,0.0,
1.204,0.21,0.12,0.03,0.02,-0.01,0.01,
1.405,0.14,-0.099999994,0.049999997,0.17999999,0.0,0.0,
1.805,-0.71,-0.5,0.96,-0.099999994,0.0,0.0,
1.806,-0.089999996,0.26,-0.35999998,-0.049999997,0.049999997,-0.01,
2.003,0.0,0.65999997,-0.17999999,-0.04,-0.02,0.0,
2.204,-0.66999996,-0.69,-0.29999998,0.099999994,0.0,0.0,
2.404,-1.24,-0.98999995,-0.07,-0.04,-0.03,0.02,
2.602,-0.049999997,-0.19999999,-0.06,0.0,0.03,-0.01,
2.804,-0.69,-0.64,-0.06,
